0 1.0 2.39525000607e-11 3.40927600004e-10 1.11022300038e-16 2.39525000607e-11 1.0 7.12500600002e-10 7.97682707736e-26 3.40927600004e-10 7.12500600002e-10 1.0 4.44089200009e-16
1 0.999918038935 0.00100700032113 -0.0127602970094 -0.00977841501129 -0.000999015045194 0.999999250589 0.000632162592816 -0.00397195779588 0.0127609248411 -0.000619361500218 0.99991839255 0.183054906174
2 0.999638360762 0.00212559499495 -0.0268093372194 -0.0225160352731 -0.00211457746292 0.99999763393 0.000439378912285 -0.00866931778979 0.0268102129064 -0.000382527939435 0.999640442387 0.371324555418
3 0.999120091807 0.00276415157678 -0.0418498694842 -0.041005831161 -0.00279914759643 0.999995690236 -0.000777649261405 -0.0138092252767 0.0418475465372 0.00089411030209 0.9991236521 0.566502367675
4 0.998181972131 0.00399400485676 -0.0601405253175 -0.0689155533914 -0.00421301468974 0.999984875007 -0.00351526945073 -0.0140867637159 0.0601255943529 0.00376225223429 0.998183672346 0.773570430082
5 0.996562678865 0.00430914389653 -0.0827301529079 -0.106199065707 -0.00490251264152 0.999963651875 -0.00697051074332 -0.0162763380924 0.0826971195392 0.00735213686772 0.996547551418 1.00005112434
6 0.993961451105 0.00403599263919 -0.109655079155 -0.1544042294 -0.00503020394727 0.999948570069 -0.00879159959209 -0.0187908783846 0.109613960804 0.00929009958083 0.993930918911 1.25158758213
7 0.989914019688 0.00411289952784 -0.141609595791 -0.219761771419 -0.00539918046971 0.999947621235 -0.00870024364734 -0.0211891538489 0.141566399685 0.00937706881771 0.989884393854 1.52602257959
8 0.983951659838 0.00156813676782 -0.17842804649 -0.300004386714 -0.00319027276623 0.999956118645 -0.00880470031953 -0.0246395161764 0.178406412703 0.0092326351128 0.983913625537 1.82484236508
9 0.976006878229 -0.00120577411459 -0.217736520928 -0.400711633948 -0.000776766411008 0.999958973233 -0.00901940708204 -0.0287839668789 0.217738494401 0.00897213570656 0.975965875115 2.14174958926
10 0.965343530116 -0.00152021896291 -0.260978569697 -0.526350973236 -0.000971787969247 0.999955080236 -0.00941939775466 -0.0379922947843 0.260981074164 0.00934656896409 0.96529864951 2.46787051157
11 0.951458328229 0.00481113655131 -0.307739702029 -0.684419292415 -0.00867931753766 0.999899501531 -0.0112021787689 -0.0528696544053 0.307654963744 0.0133293787463 0.951404601453 2.79749258193
12 0.93425648572 0.0127940733846 -0.356372328052 -0.872889059679 -0.0188547383858 0.999730615995 -0.0135378959856 -0.0719814572278 0.356103046231 0.0193671711299 0.934245890344 3.12826243124
13 0.913271996775 0.0191378766195 -0.406900503597 -1.08776856099 -0.0270161680199 0.999542012292 -0.0136249152699 -0.0887623393926 0.406453458046 0.0234361393224 0.913370887949 3.46252237398
14 0.88703786246 0.0200821540047 -0.461259964571 -1.33106453432 -0.0296255244557 0.999470490398 -0.0134575853896 -0.0969995840705 0.460745456363 0.0256024528263 0.887162970254 3.7977281989
15 0.855834589286 0.0232120460966 -0.516728488055 -1.60910727683 -0.0337769575158 0.999368266088 -0.0110504990955 -0.100055337156 0.516145681491 0.0269109143192 0.856078011218 4.12581849241
16 0.819507172549 0.027243761729 -0.572421027216 -1.92293953273 -0.0383480776717 0.999237352382 -0.00734339268864 -0.102166431735 0.571784671438 0.0279691963749 0.819926928237 4.44181181144
17 0.776682999305 0.0304443953664 -0.62915554475 -2.26506973158 -0.0420875260159 0.999107318361 -0.0036102950868 -0.101680158313 0.628483946066 0.029283656377 0.777271121707 4.74192080982
18 0.729699315895 0.0343920295109 -0.682902745484 -2.63377456052 -0.0478497531108 0.998854103016 -0.000824854763362 -0.101608258088 0.682091851942 0.0332786246407 0.730508806423 5.01529303944
19 0.678255934112 0.0390776215794 -0.733785859264 -3.03873687702 -0.0542948233256 0.998520472176 0.00299001089979 -0.0877221067802 0.732817087709 0.0378127839522 0.679374311083 5.26556075956
20 0.619884924625 0.0394547261715 -0.783700077536 -3.46569488477 -0.0559155217562 0.998417113667 0.00603688012298 -0.0725229905958 0.782697956084 0.0400788213933 0.621109962251 5.49003936203
21 0.554371721067 0.0312247154576 -0.831683242986 -3.91110569214 -0.0497781796497 0.998751008486 0.00431667162088 -0.0678309125806 0.830779291001 0.0390066343977 0.555233712703 5.68581131695
22 0.480743939006 0.021559800977 -0.876596067355 -4.3855850453 -0.0406444530266 0.999171032383 0.00228426328116 -0.0716111062755 0.875918597115 0.0345306194688 0.481221705025 5.84530055673
23 0.396949433602 0.0239078464559 -0.917529108314 -4.90689844002 -0.0395179786376 0.999178780459 0.00893877259132 -0.0621546466284 0.916989409087 0.0327106573509 0.397568351313 5.94538289738
24 0.302349386907 0.0349892879811 -0.952554708269 -5.47439172838 -0.0467744506954 0.998666809857 0.0218364602281 -0.0377495982263 0.952048933401 0.0379529817495 0.303583013145 5.9735934556
25 0.200556142916 0.0382341162554 -0.978935840316 -6.05448770379 -0.0502134259403 0.998325799652 0.0287041392575 -0.0213412954601 0.978394528699 0.0433989269933 0.202140278951 5.94430550403
26 0.0924899420261 0.0362178277202 -0.995054664034 -6.6438707117 -0.049244831461 0.998281563034 0.0317580012064 -0.01304045536 0.994495206894 0.0460640061416 0.0941145675022 5.86065498849
27 -0.0203747834222 0.0301487834406 -0.999337711751 -7.2359014191 -0.037136118655 0.998832584665 0.0308906928478 -0.0123095800619 0.999102594777 0.0377409047783 -0.0192314174834 5.7259938832
28 -0.135456289467 0.0252564745856 -0.990461323173 -7.83534441506 -0.0269176932782 0.999212113359 0.0291609100445 -0.0137933456173 0.990417698957 0.0306109713952 -0.134669702082 5.52087852394
29 -0.248060818687 0.0254804399308 -0.968409224806 -8.42811644363 -0.0196703792523 0.999315402704 0.0313322591044 -0.00351099562609 0.96854468589 0.026821282538 -0.2473897776 5.24928259518
30 -0.360459616676 0.0277338147248 -0.932362414298 -9.01266826189 -0.0127471160723 0.99931808486 0.0346536225022 0.014486257015 0.932687706984 0.0243761595251 -0.359860313036 4.90164417161
31 -0.470113010783 0.0285905736296 -0.882143050685 -9.57065863099 -0.00715129442641 0.99931899748 0.0361993827636 0.0306396084275 0.882577337446 0.0233262626006 -0.469588479442 4.48009073696
32 -0.572638402164 0.0305143009877 -0.819239963347 -10.0946539904 -0.00256739365596 0.999235313899 0.0390132005943 0.0549475457327 0.819804045112 0.0244437763878 -0.572122228431 3.9935764506
33 -0.666798720209 0.0330599800833 -0.744504102602 -10.5858642691 0.00298074157839 0.999125876555 0.041696942877 0.0851211854214 0.745231876923 0.0255842901484 -0.666314376627 3.44439850399
34 -0.750919104641 0.0340458464154 -0.659516113922 -11.030235649 0.00681470784801 0.9990165532 0.0438125630828 0.113788913247 0.660359134357 0.0284052797346 -0.750412616467 2.83889171589
35 -0.822474219615 0.0385180143185 -0.567496688134 -11.4336900948 0.0151183488876 0.998832415312 0.0458832661539 0.138052577863 0.568601482836 0.0291581900249 -0.82209625708 2.19392294407
36 -0.880618917172 0.042752951582 -0.471892353414 -11.7890389675 0.0244729825447 0.998695622463 0.0448107135271 0.145123202523 0.473192671481 0.0279125456489 -0.880516621499 1.52983742766
37 -0.925184894233 0.0429581968222 -0.377077715909 -12.098805276 0.0295533937471 0.998710903772 0.0412660008729 0.143689716879 0.378364396551 0.0270347546674 -0.925261918504 0.848764900345
38 -0.957452424913 0.0393727671277 -0.28589303656 -12.3717684024 0.0284758210594 0.99870427784 0.0421749727596 0.173426147083 0.287183181587 0.0322394870748 -0.957333089918 0.150969060559
39 -0.978781129413 0.0346891094136 -0.201950747785 -12.6247969093 0.0265274338391 0.998723619542 0.0429822174716 0.210464527241 0.203184007324 0.0367129439138 -0.978452032745 -0.542197483471
40 -0.991547875153 0.0292686902854 -0.126397351387 -12.8660418571 0.0241923018796 0.998844924438 0.0415125881833 0.238302604988 0.12746639485 0.0381038687094 -0.991110766504 -1.22350982722
41 -0.998038915185 0.0251193901983 -0.0573360481276 -13.0960143064 0.0230130962472 0.999046207643 0.0371055802255 0.242116936406 0.058213440143 0.0357133273232 -0.997665192663 -1.90117636284
42 -0.999753191638 0.0213865848097 0.00602857599973 -13.3154006991 0.0215737630572 0.999225404441 0.0329113168528 0.238580048461 -0.00532004567123 0.0330332508681 -0.999440181101 -2.57466015954
43 -0.998057864166 0.0176643318301 0.0597365745497 -13.5430034194 0.0195577371953 0.999319845259 0.0312609207962 0.252363005051 -0.0591437497769 0.032368514395 -0.997724553602 -3.24467991456
44 -0.994681807449 0.0139515970639 0.102046898449 -13.7986202273 0.0170053728379 0.999431347292 0.0291165740817 0.26703707655 -0.10158264811 0.0306970627723 -0.99435344332 -3.89962262791
45 -0.990816096095 0.0123348915136 0.134652853518 -14.0915717205 0.0161375211799 0.999500117892 0.0271852737168 0.283342418612 -0.134250224084 0.0291085606032 -0.990519887808 -4.54797166321
46 -0.986863031675 0.0132524903381 0.161015353717 -14.4067022445 0.0176925374552 0.999500801728 0.0261727686546 0.294564132434 -0.160588136176 0.0286776982929 -0.986604915998 -5.19793137999
47 -0.98348445742 0.0131334653274 0.18051559204 -14.7512033982 0.0186052091632 0.999416298497 0.0286519656839 0.32579397425 -0.180033921758 0.031537288803 -0.983154733831 -5.84716037246
48 -0.980939940028 0.0118984890759 0.193946682381 -15.1288732316 0.0185091483245 0.999306565069 0.0323084614136 0.368290928949 -0.19342776146 0.0352824494049 -0.980479935117 -6.50391485634
49 -0.979112664098 0.0123214323741 0.202944642854 -15.5401629225 0.0194222179824 0.999265523383 0.0330343681063 0.394973671711 -0.202388568363 0.0362859984141 -0.978632810358 -7.16155409702
50 -0.978367829193 0.0148801434318 0.206337048391 -16.0005068379 0.0216352558082 0.99929990088 0.0305204499153 0.393310055429 -0.205738459379 0.0343243745562 -0.978004882419 -7.82479735401
51 -0.978551435503 0.0186894609907 0.205153319508 -16.5020898789 0.0253597614238 0.999230163672 0.0299324533177 0.398401220943 -0.20443597544 0.0344930738094 -0.978272074464 -8.49620993767
52 -0.979097433565 0.0203245531462 0.202374175791 -17.0266446692 0.0276067750108 0.999066475431 0.0332261734808 0.435740895013 -0.201509967011 0.038118544346 -0.978744554336 -9.18261506575
53 -0.979894667402 0.0183022582716 0.198674555584 -17.570967753 0.0260137543283 0.999003111079 0.0362739184575 0.490954788538 -0.197812639759 0.0407128871954 -0.97939406475 -9.88516106976
54 -0.980644542908 0.0143855638689 0.19526746779 -18.1230417617 0.0217493638678 0.99912861453 0.0356196537412 0.530116161157 -0.19458494059 0.0391771593428 -0.980103008655 -10.6006662849
55 -0.981135402845 0.0138866610547 0.192822364277 -18.6891287656 0.0211895862715 0.999131937774 0.03586323083 0.570144306161 -0.192156978297 0.0392725046909 -0.980578066624 -11.3343300436
56 -0.981671201984 0.0163139322535 0.189883063668 -19.2773757641 0.0238491967482 0.999013219229 0.0374662950594 0.611312856281 -0.18908447443 0.0413081338491 -0.981091621745 -12.0837950798
57 -0.982304747716 0.0183075591249 0.186392650783 -19.8854643767 0.0265128582503 0.998781511175 0.0416242024487 0.676270306982 -0.185403509009 0.0458294545981 -0.981593199747 -12.850340623
58 -0.982921105088 0.0199070377751 0.182947443584 -20.509527489 0.0287404348674 0.998538923452 0.0457596540357 0.742108353233 -0.181769224065 0.0502361100233 -0.982057149577 -13.6313061297
59 -0.983634554566 0.0178948117284 0.179284263919 -21.1474047575 0.0265586297302 0.998586406667 0.0460412185006 0.802266032795 -0.178206935114 0.050049264515 -0.982719374398 -14.4222583561
60 -0.984407917413 0.0133793041702 0.175391522686 -21.8012884225 0.0217459417933 0.998710770016 0.0458676994473 0.882942665098 -0.174551741169 0.0489665644923 -0.983429767818 -15.2275116791
61 -0.984994662454 0.0113773386316 0.172209327137 -22.4623509106 0.019670004979 0.998723320967 0.0465248869642 0.954564442826 -0.171460172559 0.0492141080967 -0.98396105946 -16.0454258255
62 -0.985473608283 0.0160701104862 0.169066479556 -23.152576715 0.0241558126629 0.998654946282 0.0458778743237 0.958695906785 -0.168101827755 0.049295368137 -0.984536288399 -16.8804264411
63 -0.985764494654 0.0203514852654 0.16689581979 -23.8402706984 0.0282951765867 0.998570046363 0.0453575453636 0.958761250876 -0.165734087216 0.0494342005648 -0.984930715874 -17.7239092913
64 -0.986126457525 0.0231616145506 0.1643719783 -24.5384471163 0.0312369020796 0.998419655531 0.0467142412043 0.993070148714 -0.163030269158 0.0512006237852 -0.985291647379 -18.576881345
65 -0.986473065275 0.0196956398604 0.162736378896 -25.2261180504 0.0270365263364 0.998708452772 0.0430179968632 1.01431563524 -0.161678925589 0.0468359083662 -0.985731443816 -19.4323735081
66 -0.986773494913 0.0148325772707 0.161424956361 -25.9194623779 0.02070912485 0.999180283259 0.0347826831719 0.984086146089 -0.160776734309 0.0376656022401 -0.986271819312 -20.2923523667
67 -0.986815438021 0.014398308474 0.161208132084 -26.6167136165 0.0189539289149 0.999462243802 0.0267570123844 0.914185522356 -0.160736187778 0.0294597502139 -0.986557694427 -21.1668840833
68 -0.986636933795 0.0155128386049 0.16219441447 -27.3036537498 0.019765996555 0.999500942491 0.0246417452327 0.899451045255 -0.161731204562 0.0275183843362 -0.986451150649 -22.0531006471
69 -0.98652442804 0.0216775283487 0.162171700663 -28.0090391071 0.0274764051806 0.999057633813 0.0336003777401 0.979995885407 -0.161290508174 0.0376034783689 -0.986190335388 -22.9555112394
70 -0.986246475709 0.0262090084154 0.163190223979 -28.7020930198 0.0333386276893 0.998598471848 0.0411042545981 1.06563969956 -0.161884211635 0.0459794566024 -0.985738029746 -23.8639338738
71 -0.986004632005 0.029093392714 0.16415998681 -29.3904072915 0.0375321780423 0.998115822526 0.0485398841303 1.17857079893 -0.162438508756 0.0540218186516 -0.985238773615 -24.7739757378
72 -0.985913460344 0.0279179475941 0.164909702458 -30.077293718 0.0368179726312 0.998011413289 0.0511606302133 1.2697950721 -0.163153485959 0.0565115883344 -0.98498089126 -25.6849937446
73 -0.985901999977 0.0248098141974 0.16547434966 -30.7628682913 0.0332480629321 0.99827342015 0.048420374576 1.30726251165 -0.163987376336 0.0532394436433 -0.985024745843 -26.5902363081
74 -0.985846827084 0.0222230314596 0.166169360783 -31.4459983308 0.0301272351363 0.998523588473 0.0451984749911 1.33502853385 -0.164919600844 0.049564990222 -0.985060875597 -27.4913751524
75 -0.985861658548 0.0216514293299 0.166156727646 -32.1430394344 0.0300042118144 0.998400145418 0.0479257919139 1.43246847252 -0.164853258118 0.0522335980546 -0.984934065933 -28.3962114105
76 -0.985877648901 0.0228485568453 0.165901567139 -32.8431826855 0.0318169637779 0.998160669164 0.0516034027333 1.51368621508 -0.164417361837 0.0561531090914 -0.984791291344 -29.2973253842
77 -0.985929180643 0.0210262546333 0.165835955073 -33.5389424892 0.0299542809673 0.998222654592 0.0515202590806 1.57859257454 -0.164457924848 0.0557628107803 -0.984806638471 -30.2030744476
78 -0.986209628521 0.0160192844503 0.164724309646 -34.2457551142 0.02416750906 0.998575005602 0.0475810419073 1.62900745345 -0.163727366478 0.0509058416283 -0.985191400274 -31.0969846513
79 -0.9864388663 0.0109703684844 0.163762068952 -34.9553761552 0.01852268089 0.998830287417 0.0446620466756 1.69608502936 -0.163080579325 0.0470896828024 -0.985488350446 -31.9917223883
80 -0.986573789104 0.0114063433492 0.162917317706 -35.6687465221 0.0190086267368 0.998797970143 0.0451810211069 1.73159230686 -0.162206152744 0.0476712423046 -0.985604697728 -32.8889574588
81 -0.986752791816 0.0147757403444 0.161556681341 -36.3964386677 0.0226166669167 0.99864810558 0.0468027072893 1.73119013096 -0.160646726274 0.0498365650854 -0.985752962837 -33.7859830421
82 -0.986787308455 0.0191121626893 0.160889727093 -37.1150774321 0.0275558442582 0.998348080019 0.0504143106888 1.75914217466 -0.159660453251 0.0541816441057 -0.985683958151 -34.68617641
83 -0.986809752896 0.024576204652 0.160007598433 -37.840549725 0.0337125438923 0.997936904778 0.0546370960157 1.7859264357 -0.158334737309 0.0593106813453 -0.985602489381 -35.5874773138
84 -0.986631181841 0.0277510737966 0.160588980943 -38.5308541155 0.037557589207 0.997589124292 0.0583558415246 1.84317599666 -0.158582402549 0.0636070258538 -0.985294781504 -36.4810711181
85 -0.986729284536 0.0276005725184 0.16001131817 -39.2412417767 0.0372273470768 0.997652239684 0.0574803857661 1.8744293781 -0.158049173027 0.0626743756295 -0.985440244988 -37.3724837823
86 -0.986899458973 0.0247885708407 0.159420990507 -39.9469866214 0.0338107043248 0.997961090516 0.0541315692295 1.91172370934 -0.157754138405 0.0588125373096 -0.985725514726 -38.2622140618
87 -0.987177212899 0.0201735439542 0.158348409992 -40.6583845564 0.0285215818946 0.998310395233 0.0506250062869 1.97307512129 -0.157059577548 0.054492188397 -0.986084647345 -39.1490167321
88 -0.98744208385 0.0139222849 0.157367164966 -41.3633643885 0.0224155701218 0.998378342822 0.0523257262449 2.17639552712 -0.156383501446 0.0551960877951 -0.986152989412 -40.0352433175
89 -0.987377031652 0.00876708744653 0.158145068284 -42.0313956283 0.0174849426072 0.998397570477 0.0538188224585 2.35934773062 -0.157419825684 0.0559046201106 -0.985948171642 -40.9200373597
90 -0.987176551072 0.0087322736118 0.159392967422 -42.696174444 0.0170701758952 0.9985517966 0.0510162779939 2.33630567741 -0.158716669341 0.0530829407408 -0.985896109116 -41.8035555221
91 -0.986775807753 0.00957951215558 0.161807515041 -43.3385077766 0.0168929336995 0.998893752602 0.0438830489777 2.19683388053 -0.161208166314 0.0460361239689 -0.985846104213 -42.686386013
92 -0.986520313154 0.011959646321 0.163201656737 -44.0000540897 0.0182999395996 0.999132604782 0.0374014250732 2.03529695572 -0.162612822645 0.0398838300057 -0.98588361122 -43.5698333709
93 -0.985905856764 0.0154815643767 0.166583668116 -44.6080735655 0.0223423448068 0.998973956659 0.0393901369264 2.02738433883 -0.16580295033 0.0425568324709 -0.985240302963 -44.4497352642
94 -0.985100727612 0.0227953842036 0.170460868651 -45.205478704 0.030638706962 0.99858232908 0.0435239152612 1.97866625187 -0.169227108261 0.0480981414842 -0.984402734183 -45.3323192786
95 -0.98429706888 0.0280829648933 0.17427177617 -45.7947439062 0.036434565841 0.998326306975 0.0449094711094 1.91182887736 -0.172718925926 0.050553766982 -0.983672970861 -46.2060283103
96 -0.983698722349 0.0279751893704 0.177635272902 -46.3802577225 0.0361138699932 0.998432785654 0.0427493787644 1.88792044821 -0.176160995466 0.0484675986237 -0.983167471944 -47.073644161
97 -0.983555009725 0.0213391060033 0.179344111174 -46.982969321 0.0296737180207 0.998594232262 0.0439189428124 2.0983036429 -0.178154819199 0.0485184926959 -0.982805649201 -47.9380545986
98 -0.983286557203 0.0137087757541 0.181547877137 -47.565227592 0.0221530019217 0.99876081525 0.0445664481972 2.32882526463 -0.180711965395 0.0478434060066 -0.982371730545 -48.7963824468
99 -0.98296849745 0.00791199275193 0.183603738047 -48.1474540182 0.0169454817891 0.998718730464 0.047684276105 2.58463220999 -0.182991206715 0.0499833874822 -0.981843102185 -49.6547462824
100 -0.982615926959 0.00666231047591 0.185530655453 -48.7342761481 0.0164552385769 0.998547966381 0.0512936241155 2.7342970905 -0.184919555592 0.0534548714049 -0.981298838915 -50.5115406352
101 -0.982232024722 0.00837341749339 0.187483659451 -49.3249448808 0.0184837437904 0.998463260186 0.0522433316763 2.74473848877 -0.186758095706 0.0547804583297 -0.980877413291 -51.3680123988
102 -0.981912196075 0.00613994109444 0.189237034369 -49.908291005 0.0166011773765 0.998416668301 0.0537457163565 2.87351323444 -0.188607422792 0.0559151231045 -0.980459412074 -52.2151041924
103 -0.981704490249 0.00488665893684 0.190348138938 -50.5060048096 0.0155830304822 0.99837914323 0.0547375302221 2.96073652864 -0.189772150274 0.0567022819487 -0.98018946584 -53.0598004158
104 -0.981461624508 0.00760053636699 0.191508262405 -51.1055008398 0.0183883273141 0.998338000296 0.0546165624021 2.91824385614 -0.19077488129 0.0571255635134 -0.979970265376 -53.9027308899
105 -0.981280716678 0.0108977046263 0.192274401604 -51.7125699061 0.0219890034996 0.998208314588 0.055645459867 2.88497190824 -0.191323528464 0.0588317288514 -0.97976231204 -54.7415964135
106 -0.981201846501 0.01389842085 0.192482893081 -52.3283981044 0.0259575719964 0.997844439671 0.0602710901347 2.95854130182 -0.191230333101 0.0641344958812 -0.979447613596 -55.5792102194
107 -0.980959777865 0.0159130781021 0.193558139826 -52.9127988949 0.028503623129 0.997641721273 0.0624377552134 2.99680887113 -0.192108117211 0.0667660166208 -0.979100015137 -56.4055136744
108 -0.980672852049 0.0161672259534 0.194985657205 -53.4797991727 0.0287360329002 0.997674468409 0.0618046150213 3.01265157887 -0.1935330057 0.0662132146128 -0.978856891537 -57.2211263766
109 -0.980527129659 0.0153680055282 0.195781936036 -54.0564820955 0.0275117708345 0.997851443999 0.059459168971 3.00861739611 -0.194447547237 0.0636876126567 -0.978843314243 -58.0297035719
110 -0.980567744232 0.0127712280873 0.195764611807 -54.6419549474 0.0241811531185 0.998137645095 0.0560050459734 3.02292743253 -0.194684776232 0.0596505430639 -0.979050375992 -58.8259345314
111 -0.980636984695 0.0104275528734 0.195556770508 -55.2281870114 0.0213540240941 0.998320791156 0.053848787731 3.06407890644 -0.194666883613 0.0569820201346 -0.979212916779 -59.6147371082
112 -0.981170193554 0.00796822099889 0.192980781388 -55.8759592293 0.0183726683276 0.998468355264 0.0521849513041 3.12134328858 -0.19226940962 0.0547478904587 -0.979813845462 -60.3893657208
113 -0.982083051118 0.00539312450941 0.188371604468 -56.5781486835 0.0157927562296 0.99842950182 0.0537508655146 3.27263944525 -0.187785892424 0.055762709457 -0.980625845947 -61.1501949411
114 -0.983493203015 0.00555698479023 0.180859730738 -57.3697450498 0.0159201903046 0.998309395995 0.0558985173798 3.35668686803 -0.180243378417 0.0578551294438 -0.981919099134 -61.901094436
115 -0.985525950057 0.0077871989241 0.169345417477 -58.2923201626 0.0175304662763 0.998270333702 0.0561159739543 3.32484134794 -0.168615525331 0.0582724487108 -0.983957844118 -62.6439659536
116 -0.987793774737 0.0105734485784 0.155408143919 -59.2929339403 0.0196498700387 0.998181699455 0.0569840414271 3.2945894667 -0.154523053225 0.0593422174899 -0.986205433561 -63.3704006557
117 -0.990314616619 0.0114054738055 0.138372399127 -60.3912027275 0.01981397371 0.998029007894 0.0595426681047 3.38189359493 -0.137420585937 0.061707678762 -0.988588790565 -64.0780627082
118 -0.993335755504 0.0115814980017 0.114672979385 -61.709762157 0.0189949901666 0.997783885763 0.0637687806125 3.55439250251 -0.113680320866 0.0655220171055 -0.991354425214 -64.7680886544
119 -0.996242680989 0.0111472298222 0.085885444302 -63.2020244573 0.0170898530682 0.997486105552 0.0687709623878 3.78707271032 -0.0849029294624 0.0699803238836 -0.993928717802 -65.4259744183
120 -0.998715382339 0.0122737796171 0.0491615371051 -64.9746900423 0.0158063148034 0.997270323552 0.0721239645838 3.93296102068 -0.0481421162344 0.0728083607605 -0.996183314166 -66.0482676288
121 -0.999889833814 0.0137330078733 0.00565086753277 -66.9883573852 0.0141159093706 0.997123005827 0.0744743114424 4.04601908669 -0.00461185388853 0.0745458475256 -0.997207026364 -66.6112796232
122 -0.998841362752 0.0169438786543 -0.0450418583557 -69.2694250855 0.0135134025453 0.997061410998 0.0754043788735 4.06249308372 0.0461871460701 0.0747083262192 -0.996135203738 -67.0978020742
123 -0.994536877734 0.0204525344424 -0.102362735451 -71.8024974613 0.0129291156211 0.997201926013 0.0736288049827 3.9802856844 0.103582208595 0.0719030949366 -0.992018501804 -67.4816241431
124 -0.985282736708 0.0245681672252 -0.169157278746 -74.6971397354 0.0122903511033 0.997237749911 0.0732504568745 3.93262862211 0.170489679245 0.0700934048878 -0.982863184021 -67.7295383712
125 -0.969703961873 0.0286657417567 -0.242595239484 -77.8738248309 0.0111358678486 0.997245877627 0.0733250458326 3.91172586511 0.244029039305 0.0684020732115 -0.967352551848 -67.8181857439
126 -0.946720049302 0.0319756753193 -0.320466405014 -81.272348813 0.00884997449604 0.997266064469 0.0733613037702 3.92081206497 0.321936077535 0.0666164855765 -0.94441483777 -67.7192089069
127 -0.913450976807 0.0381659037092 -0.405155256033 -85.0416173912 0.00868827374929 0.997194349624 0.0743481518904 3.87792907733 0.406856156613 0.0643932810029 -0.91121988848 -67.386068811
128 -0.869169563813 0.043516374867 -0.492595745564 -89.0477052728 0.00907537717677 0.997356408053 0.0720942353265 3.71606931719 0.494430871672 0.0581916147204 -0.867266873508 -66.7798285405
129 -0.813324888658 0.0477239894229 -0.57984910355 -93.2475036726 0.0140896046496 0.997953392367 0.0623729526484 3.19742915257 0.581639175052 0.0425596287832 -0.812332788111 -65.8832883919
130 -0.746055416222 0.0483184075898 -0.664128504904 -97.5438444022 0.0168458393164 0.998414147261 0.0537153136898 2.81044552525 0.665670745722 0.028886793279 -0.745686291068 -64.6637064129
131 -0.666815776062 0.0479684275362 -0.743677245619 -101.953148944 0.0207364641366 0.998734168778 0.0458267844686 2.43038719064 0.744934171722 0.0151367822316 -0.666966307857 -63.1111768725
132 -0.578407609474 0.0490511873511 -0.81427191762 -106.303559988 0.0194628668175 0.998736174248 0.0463379975385 2.4459573419 0.81551581573 0.0109541911266 -0.578631318479 -61.2536646287
133 -0.485829350295 0.050249140625 -0.872608116766 -110.461398084 0.0201350957119 0.99872451906 0.0463012579439 2.37846258167 0.873821796285 0.00492446887588 -0.486221546667 -59.1894193379
134 -0.390221189197 0.0515884860582 -0.919274729053 -114.422890815 0.0310424612246 0.998598585703 0.0428628858183 1.87613404196 0.920197770193 -0.0118105247048 -0.391275837365 -56.9154952603
135 -0.289879871357 0.0502239317789 -0.955744301394 -118.254091299 0.0497982654436 0.998060798719 0.0373437153465 1.05655383142 0.955766596915 -0.0367691994764 -0.291818828254 -54.3558865399
136 -0.185202511425 0.0415898951424 -0.981819871095 -121.988963428 0.0506556879558 0.998179720339 0.0327276252865 0.896671260344 0.981393976652 -0.043673508704 -0.186972260082 -51.5441511108
137 -0.0766977239653 0.0289680684073 -0.996633459742 -125.59789932 0.040107290646 0.998858331127 0.0259462266689 1.11793701219 0.996247465294 -0.0379822467347 -0.0777719900697 -48.4580707224
138 0.0365033958239 0.00853002078852 -0.99929722896 -129.153430294 0.0265233916033 0.999603058007 0.0095015016597 1.31227764537 0.998981543918 -0.026851592674 0.0362626458254 -45.0232110387
139 0.15325465588 -0.00523521105475 -0.988172870011 -132.590153532 0.0130100146918 0.999909949773 -0.00327968119777 1.59483211009 0.988101090443 -0.0123535099 0.153309068164 -41.2145777593
140 0.269520674422 -0.00986922365079 -0.962944025435 -135.860513488 0.00901464710109 0.999929549977 -0.00772515716653 1.67494557725 0.96295251338 -0.00659850587803 0.269590532259 -37.0949036489
141 0.381258765373 -0.0148651809409 -0.92434874829 -138.865299086 0.00948015343411 0.999880993107 -0.012169671548 1.60200123872 0.924419720466 -0.00412316884755 0.381354332663 -32.740062862
142 0.486430118401 -0.015974775436 -0.873573469254 -141.560866163 0.00383407288469 0.999862222352 -0.0161492629357 1.76092729517 0.873711179576 0.00450614598192 0.486424265549 -28.2040903831
143 0.579359963576 -0.0119222545484 -0.814984725672 -143.902843554 0.00335905794076 0.99991929985 -0.0122397293174 1.82067636859 0.815064909401 0.00435363162976 0.579353259255 -23.6909182423
144 0.657614631522 -0.00191700967357 -0.753351985584 -145.841805202 -0.00627498551891 0.999948083746 -0.00802205757576 2.21776371108 0.7533282937 0.0100026981347 0.657568631812 -19.3604500058
145 0.723476959299 0.00520818545483 -0.690328882919 -147.474824277 -0.0167558525432 0.999809459109 -0.0100173673688 2.58524082194 0.69014522992 0.0188143833782 0.723426394258 -15.1879652359
146 0.775553351114 0.0140211745585 -0.631126188538 -148.790173943 -0.0241586361643 0.999680044114 -0.00747809276891 2.88084702397 0.630819593455 0.0210468110426 0.775644138096 -11.3370869494
147 0.814941752506 0.0180377524355 -0.579262065476 -149.831181542 -0.0243907672651 0.999697386818 -0.00318467786047 2.91585440641 0.579029334718 0.0167239726677 0.815135285663 -7.90584744719
148 0.843696566765 0.0165764999573 -0.536564509731 -150.670557434 -0.0205485157091 0.999787879974 -0.00142336250992 2.77286698384 0.536427188238 0.0122264934064 0.843858138471 -4.90885847373
149 0.866858567403 0.016951624689 -0.49826566287 -151.385552329 -0.0183853114104 0.99982893114 0.00202956383354 2.71490470647 0.498214878212 0.00740142780043 0.86702203452 -2.10283697977
150 0.885171430929 0.0229304718066 -0.464699396383 -152.006720786 -0.0216856718319 0.999732494435 0.00802411763941 2.87969330056 0.46475922901 0.00297460443468 0.885432200095 0.511629546634
151 0.899402222933 0.0307403647957 -0.436040009132 -152.552415586 -0.0291454089519 0.999521493949 0.01034820457 3.16748172554 0.436149460705 0.00340136504719 0.899867860265 2.93474065538
152 0.911036936665 0.0401046451666 -0.410369931305 -153.038979022 -0.0371713046416 0.999194383382 0.0151275842001 3.50134104128 0.410646007271 0.00147220298925 0.91179363928 5.25399370646
153 0.921968466711 0.0368047343138 -0.385512340269 -153.48015219 -0.0341080812163 0.999322370891 0.0138341485095 3.36836417845 0.385760275706 0.000394441857475 0.922599035361 7.57957234389
154 0.932425290439 0.03658625838 -0.359505748833 -153.876240565 -0.034198016513 0.999330519406 0.0130030612496 3.36034472936 0.359740856753 0.000170003376549 0.933052247227 9.98223815487
155 0.942708477789 0.0373748933997 -0.331517482966 -154.231425644 -0.0348069883451 0.9993003379 0.0136822815701 3.38743337911 0.331796986729 -0.00135927399277 0.943349836355 12.4923222538
156 0.951917989986 0.0398880380918 -0.303744891168 -154.533697046 -0.0372611572728 0.99920123272 0.0144417294236 3.4801467503 0.304078385985 -0.00242945068878 0.952643921927 15.0233153758
157 0.959497533827 0.0395912472488 -0.278921357947 -154.795342623 -0.0385317827943 0.999214141252 0.00928216885747 3.46077941291 0.279069744864 0.00184112304174 0.960269164304 17.4580947446
158 0.96551882114 0.0416759411356 -0.256975544878 -155.020272922 -0.0429805441396 0.99907569153 0.000540515977263 3.52438055566 0.256760522864 0.0105230711876 0.966417709695 19.8097694331
159 0.970587937751 0.0355101622965 -0.238113806733 -155.224282159 -0.0399804923777 0.999102675578 -0.013969226246 3.24834726832 0.237404087442 0.0230782627409 0.971136770933 22.0607770667
160 0.974452741305 0.0343696580033 -0.221947618434 -155.407032153 -0.0390544239237 0.99909659081 -0.0167520189425 3.16616425051 0.221171348298 0.0249920868977 0.974914801298 24.2183067804
161 0.977315185692 0.0387909179453 -0.20820736648 -155.582924437 -0.0404901372784 0.99917233795 -0.00390383492217 3.32821834624 0.207883547084 0.0122456195681 0.978076966499 26.2822209017
162 0.979075942728 0.0487539439412 -0.197568400125 -155.758669744 -0.0471424904476 0.998805503203 0.0128544987204 3.73429296322 0.197959097841 -0.00327166232208 0.980204874691 28.2176857722
163 0.980667311392 0.0515788944033 -0.188762693631 -155.929279376 -0.0480410287694 0.998574043676 0.0232731527749 3.86819594063 0.189693965077 -0.0137548683159 0.98174701938 30.0860865089
164 0.982139501501 0.0473429090699 -0.182100649551 -156.096126718 -0.0446208762025 0.998822800725 0.0190184612903 3.67836998312 0.182786718884 -0.0105532876929 0.983096047165 31.8863012143
165 0.983295918046 0.0477028694719 -0.175652316188 -156.252515809 -0.0454211818037 0.998823359385 0.0169898206334 3.67407010357 0.176256118804 -0.00872768256482 0.984305760727 33.6742386472
166 0.984447750998 0.0447302316774 -0.169888155235 -156.405699285 -0.0418539643415 0.998913819871 0.0204759704 3.57121292195 0.170619544725 -0.0130470236297 0.985250625321 35.433262019
167 0.985441023432 0.0412104613901 -0.164947806765 -156.553035274 -0.0374201508384 0.998960742335 0.0260220565172 3.46265400462 0.165848768855 -0.0194708332197 0.985958934348 37.1565192071
168 0.986637486833 0.0366241672718 -0.15876083964 -156.676226287 -0.0322695030479 0.999031243141 0.0299216648426 3.3036238617 0.159702893886 -0.0243987020232 0.986863495371 38.9368624903
169 0.98755529253 0.0348694917864 -0.153358562832 -156.788598673 -0.0315288676789 0.999210600789 0.0241622589149 3.18403989889 0.154080052831 -0.0190263444196 0.987875220449 40.6838892996
170 0.987969832769 0.0392225366663 -0.149589712913 -156.915111964 -0.0383062316181 0.999225529533 0.00900305381366 3.23057711142 0.149826985525 -0.00316452501654 0.988707112918 42.3720583103
171 0.988396903829 0.0396432899173 -0.1466289193 -157.056001566 -0.0410090531511 0.999138878696 -0.00630205775272 3.09715316549 0.146252845575 0.0122420462541 0.989171451231 44.0283406374
172 0.988690988818 0.0404628633166 -0.144405967471 -157.197790909 -0.0432105831224 0.998938764872 -0.0159410490073 3.01451471581 0.143607710289 0.0220006441706 0.989390098693 45.6400271177
173 0.989089523642 0.0443124022679 -0.14049282857 -157.321126798 -0.0464569322616 0.998847984449 -0.012019743572 3.15951318803 0.139798370997 0.0184154675475 0.990008670454 47.3210251075
174 0.989464418492 0.0504771189995 -0.13569117245 -157.440561479 -0.0515658182907 0.998659376782 -0.00451819239694 3.41957393242 0.135281215906 0.011467616447 0.990740970919 49.0142190227
175 0.98965298866 0.0585016678648 -0.131013675836 -157.550177964 -0.0581319754709 0.998286697192 0.00664794702767 3.80035051275 0.131178138962 0.00103692561928 0.991358340653 50.6921095349
176 0.990470590776 0.0545949757362 -0.126441370935 -157.654125165 -0.0537769318054 0.998504157488 0.00987701001721 3.65524012129 0.126791468749 -0.00298325578528 0.991924885719 52.3697586902
177 0.991066846549 0.0483673817029 -0.124286122102 -157.772723105 -0.0476185549906 0.998825024444 0.00899062755815 3.37439519365 0.12457497674 -0.00299198557205 0.992205613869 53.9517943281
178 0.991451541188 0.0446070760885 -0.122613746901 -157.893388787 -0.0437171937958 0.998994389565 0.00993970516612 3.20909848598 0.122933841442 -0.00449440439468 0.992404624881 55.5177985179
179 0.991746478291 0.0445597512466 -0.120222608604 -157.999464633 -0.0440731359367 0.999005818239 0.00670485125348 3.14311952493 0.120401856869 -0.00135092229377 0.992724323015 57.1211139148
180 0.992063563527 0.0401496267658 -0.119154295425 -158.120275005 -0.0401633265088 0.999190457277 0.0022874287528 2.88579747253 0.119149670318 0.00251635907142 0.99287309957 58.6785321373
181 0.992342068593 0.0370387491435 -0.117836750893 -158.239612637 -0.0369100565893 0.999313141949 0.0032751145347 2.74367883027 0.117877140898 0.00109932972647 0.993027533426 60.2516682385
182 0.992305485279 0.0431271273564 -0.116059206117 -158.35839013 -0.0428916192541 0.999069385588 0.00452716892018 2.96880949269 0.116146447929 0.000485632766174 0.993232051795 61.8503039447
183 0.992318240426 0.0428327389234 -0.116059327182 -158.505906628 -0.0428186355618 0.999079361399 0.00261582186853 2.90196437849 0.116064526122 0.0023737762929 0.993238871549 63.389356292
184 0.991892651205 0.0430985622425 -0.119546838778 -158.709955781 -0.0430954414231 0.999067445445 0.00261258581619 2.87361651576 0.11954796146 0.00256052030538 0.992825205262 64.7958722974
185 0.991580519032 0.0382029451961 -0.123727655646 -158.928225301 -0.0380449764995 0.999269284219 0.00364017616714 2.66895496585 0.123776324841 0.00109768943818 0.992309623996 66.189689302
186 0.990720415379 0.0401440764194 -0.129851679016 -159.186410684 -0.0401336554879 0.999190609199 0.00269805677663 2.69905080327 0.129854906658 0.00253840515917 0.991529802841 67.509254054
187 0.989577648964 0.0479347905623 -0.135787565478 -159.453869486 -0.0478670674157 0.998846661704 0.00376568669946 2.98262561953 0.135811456002 0.00277331514376 0.990730863472 68.851879743
188 0.98869760969 0.0506438558625 -0.141111051829 -159.71916597 -0.0517619655276 0.998650337425 -0.00426191038071 2.93616671199 0.140704775822 0.0115179249262 0.989984614052 70.2304061713
189 0.98794048712 0.0499587350559 -0.146552695188 -159.993248965 -0.0525714094985 0.998518802914 -0.0140064198212 2.72844845851 0.145635918936 0.0215419914622 0.989103795289 71.6122041415
190 0.987487200184 0.047517539525 -0.150369487961 -160.244893635 -0.0504698245396 0.998599410403 -0.0158763049574 2.5780457709 0.14940449061 0.0232667682464 0.988502349757 73.0712953579
191 0.986729906257 0.049560365948 -0.154621847315 -160.510240227 -0.052235490922 0.998546443131 -0.0132838934974 2.65927518869 0.153738757003 0.0211843611156 0.987884404134 74.5224059689
192 0.986122356041 0.0483005096308 -0.158838695284 -160.786138966 -0.0506083865844 0.998663184172 -0.0105145959272 2.61449019273 0.158118510829 0.0184072466057 0.987248660898 75.9949742437
193 0.985681828369 0.0446055398956 -0.162609109939 -161.053514678 -0.046586783837 0.998878920551 -0.0083893739908 2.47759479857 0.162052624936 0.0158446863186 0.986654898127 77.4973486943
194 0.985376860428 0.0440834329682 -0.16458757651 -161.299291475 -0.0448538921311 0.998993069893 -0.000965666759114 2.55221935783 0.164379280419 0.0083339386919 0.986362120067 79.0821784478
195 0.985124589043 0.0436989902266 -0.166192441714 -161.545224632 -0.0429175870722 0.999044195138 0.00829204412607 2.6614887316 0.166395965624 -0.00103611598267 0.986058456032 80.6926244394
196 0.98528557444 0.0439370936871 -0.165172764684 -161.740099341 -0.0422323344539 0.999012226423 0.0138205919496 2.74163365911 0.165616854611 -0.00664159502518 0.986167918704 82.425823786
197 0.985648717659 0.0509394532465 -0.160940320975 -161.871494467 -0.0493574184393 0.99868560119 0.0138152853499 2.99824792054 0.161432540208 -0.00567341849447 0.986867382598 84.3116085701
198 0.986231855594 0.0508977417669 -0.157340667553 -162.011705336 -0.049727124821 0.998697985219 0.0113702678035 2.93608845414 0.157714545031 -0.00338961974652 0.987478896928 86.1794265803
199 0.986935703725 0.0460672075812 -0.154388929794 -162.15557011 -0.0455995212712 0.998938164324 0.00657116458779 2.63351198588 0.154527727623 0.000554745898083 0.987988392523 88.0315073854
200 0.987752691124 0.0377390772662 -0.151395543947 -162.287565964 -0.037802874078 0.999282047861 0.00245797785642 2.1989378482 0.151379640668 0.00329531267528 0.988470155745 89.8931149849
201 0.988429138761 0.0348722818906 -0.147620625527 -162.401138284 -0.0349419012354 0.999386990319 0.00212244302813 2.05460178378 0.147604185637 0.00306026292741 0.989041838015 91.7851464936
202 0.988865848125 0.0317008328046 -0.145394631571 -162.550696267 -0.0310709967455 0.999495242894 0.00660125890812 1.98758739657 0.145530524906 -0.0020102012768 0.989351697027 93.6196729534
203 0.98923049275 0.0257045331959 -0.144092093181 -162.710598657 -0.0242546593591 0.999636072341 0.0118100343754 1.83324585963 0.144343227482 -0.00818793541592 0.989493827057 95.417653374
204 0.989529007203 0.0236520579069 -0.142383089086 -162.862522337 -0.0221088857346 0.999678478996 0.0124107423068 1.74224404065 0.142630869699 -0.00913285518949 0.989733882166 97.2289184554
205 0.989738776293 0.0268545046752 -0.140342672755 -163.008258013 -0.0260508553993 0.999632050407 0.00756068449945 1.73859009779 0.140494093229 -0.00382705257854 0.990074053345 99.0463050674
206 0.98976949904 0.0316652467283 -0.13911768957 -163.171421307 -0.0325173416458 0.999463611628 -0.00385569416003 1.64158104563 0.138921008064 0.008339985738 0.99026842376 100.819228202
207 0.989926123901 0.0346667060019 -0.137275030707 -163.315044636 -0.0369755102358 0.999213800952 -0.0143039396673 1.4764771745 0.136671238831 0.0192356563204 0.990429768674 102.619258114
208 0.989738638748 0.04328523443 -0.136175268133 -163.472670961 -0.0473823625132 0.99851206403 -0.0269896107252 1.45673212584 0.134804397352 0.0331649619956 0.990317027224 104.382664738
209 0.989958001671 0.0445580603747 -0.134156191602 -163.603921602 -0.0488208796558 0.998396498934 -0.0286530369415 1.40011589884 0.132664354598 0.0349149200018 0.990545984881 106.170999166
210 0.99031754097 0.0379023358369 -0.133546867071 -163.776034151 -0.0408032871713 0.998985402649 -0.019051873804 1.31189953722 0.132689285948 0.0243165619933 0.990859357803 107.877653795
