0 1.0 0.0 0.0 0.0 0.0 1.0 0.0 0.0 0.0 0.0 1.0 0.0
1 1.0 1.197625e-11 1.704638e-10 5.551115e-17 1.197625e-11 1.0 3.562503e-10 0.0 1.704638e-10 3.562503e-10 1.0 2.220446e-16
2 1.0 1.197625e-11 1.704638e-10 5.551115e-17 1.197625e-11 1.0 3.562503e-10 0.0 1.704638e-10 3.562503e-10 1.0 2.220446e-16
3 1.0 1.197625e-11 1.704638e-10 5.551115e-17 1.197625e-11 1.0 3.562503e-10 0.0 1.704638e-10 3.562503e-10 1.0 2.220446e-16
4 1.0 1.197625e-11 1.704638e-10 5.551115e-17 1.197625e-11 1.0 3.562503e-10 0.0 1.704638e-10 3.562503e-10 1.0 2.220446e-16
5 1.0 1.197625e-11 1.704638e-10 5.551115e-17 1.197625e-11 1.0 3.562503e-10 0.0 1.704638e-10 3.562503e-10 1.0 2.220446e-16
6 1.0 1.197625e-11 1.704638e-10 5.551115e-17 1.197625e-11 1.0 3.562503e-10 0.0 1.704638e-10 3.562503e-10 1.0 2.220446e-16
7 1.0 1.197625e-11 1.704638e-10 5.551115e-17 1.197625e-11 1.0 3.562503e-10 0.0 1.704638e-10 3.562503e-10 1.0 2.220446e-16
8 1.0 1.197625e-11 1.704638e-10 5.551115e-17 1.197625e-11 1.0 3.562503e-10 0.0 1.704638e-10 3.562503e-10 1.0 2.220446e-16
9 1.0 1.197625e-11 1.704638e-10 5.551115e-17 1.197625e-11 1.0 3.562503e-10 0.0 1.704638e-10 3.562503e-10 1.0 2.220446e-16
10 1.0 1.197625e-11 1.704638e-10 5.551115e-17 1.197625e-11 1.0 3.562503e-10 0.0 1.704638e-10 3.562503e-10 1.0 2.220446e-16
11 1.0 1.197625e-11 1.704638e-10 5.551115e-17 1.197625e-11 1.0 3.562503e-10 0.0 1.704638e-10 3.562503e-10 1.0 2.220446e-16
12 1.0 1.197625e-11 1.704638e-10 5.551115e-17 1.197625e-11 1.0 3.562503e-10 0.0 1.704638e-10 3.562503e-10 1.0 2.220446e-16
13 1.0 1.197625e-11 1.704638e-10 5.551115e-17 1.197625e-11 1.0 3.562503e-10 0.0 1.704638e-10 3.562503e-10 1.0 2.220446e-16
14 1.0 1.197625e-11 1.704638e-10 5.551115e-17 1.197625e-11 1.0 3.562503e-10 0.0 1.704638e-10 3.562503e-10 1.0 2.220446e-16
15 1.0 1.197625e-11 1.704638e-10 5.551115e-17 1.197625e-11 1.0 3.562503e-10 0.0 1.704638e-10 3.562503e-10 1.0 2.220446e-16
16 1.0 1.197625e-11 1.704638e-10 5.551115e-17 1.197625e-11 1.0 3.562503e-10 0.0 1.704638e-10 3.562503e-10 1.0 2.220446e-16
17 1.0 1.197625e-11 1.704638e-10 5.551115e-17 1.197625e-11 1.0 3.562503e-10 0.0 1.704638e-10 3.562503e-10 1.0 2.220446e-16
18 1.0 1.197625e-11 1.704638e-10 5.551115e-17 1.197625e-11 1.0 3.562503e-10 0.0 1.704638e-10 3.562503e-10 1.0 2.220446e-16
19 1.0 1.197625e-11 1.704638e-10 5.551115e-17 1.197625e-11 1.0 3.562503e-10 0.0 1.704638e-10 3.562503e-10 1.0 2.220446e-16
20 1.0 1.197625e-11 1.704638e-10 5.551115e-17 1.197625e-11 1.0 3.562503e-10 0.0 1.704638e-10 3.562503e-10 1.0 2.220446e-16
21 1.0 1.197625e-11 1.704638e-10 5.551115e-17 1.197625e-11 1.0 3.562503e-10 0.0 1.704638e-10 3.562503e-10 1.0 2.220446e-16
22 1.0 1.197625e-11 1.704638e-10 5.551115e-17 1.197625e-11 1.0 3.562503e-10 0.0 1.704638e-10 3.562503e-10 1.0 2.220446e-16
23 1.0 1.197625e-11 1.704638e-10 5.551115e-17 1.197625e-11 1.0 3.562503e-10 0.0 1.704638e-10 3.562503e-10 1.0 2.220446e-16
24 1.0 1.197625e-11 1.704638e-10 5.551115e-17 1.197625e-11 1.0 3.562503e-10 0.0 1.704638e-10 3.562503e-10 1.0 2.220446e-16
25 1.0 1.197625e-11 1.704638e-10 5.551115e-17 1.197625e-11 1.0 3.562503e-10 0.0 1.704638e-10 3.562503e-10 1.0 2.220446e-16
26 1.0 1.197625e-11 1.704638e-10 5.551115e-17 1.197625e-11 1.0 3.562503e-10 0.0 1.704638e-10 3.562503e-10 1.0 2.220446e-16
27 1.0 1.197625e-11 1.704638e-10 5.551115e-17 1.197625e-11 1.0 3.562503e-10 0.0 1.704638e-10 3.562503e-10 1.0 2.220446e-16
28 0.99996005748 0.000219040001714 -0.00893506943183 0.00347829170945 -0.000242621690682 0.999996490426 -0.00263823251915 -0.00651765762558 0.00893446053582 0.00264029569572 0.999956601185 0.424761484607
29 0.999840233387 0.000414479251076 -0.017869972252 0.00315974343012 -0.000508804037978 0.999985962006 -0.0052741737975 -0.0141567559989 0.0178675356984 0.00528242418728 0.999826408514 0.849518403186
30 0.999640538126 0.000586300785988 -0.0268039322857 -0.000955698025234 -0.000798523911734 0.999968415655 -0.0079075945449 -0.0229163579421 0.0267984498124 0.00792615635969 0.999609433295 1.27423387228
31 0.999360989043 0.000734489683591 -0.0357361736102 -0.00886775608023 -0.00111175614952 0.999943852897 -0.0105382660464 -0.0327954289607 0.0357264272199 0.0105712626024 0.999305694372 1.69887101205
32 0.999001610415 0.000859033073546 -0.0446659204524 -0.0205758244189 -0.00144847354682 0.999912275865 -0.0131659598257 -0.0437928373332 0.0446506925178 0.0132175131855 0.998915218126 2.12339294943
33 0.998562433456 0.000959920139147 -0.0535923972557 -0.0360789670383 -0.00180864685943 0.999873687302 -0.0157904476653 -0.0559073542096 0.0535704706258 0.0158646782798 0.998438038468 2.54776282138
34 0.998043496308 0.00103714211826 -0.0625148287473 -0.0553759183299 -0.00219224480597 0.999828090559 -0.018411501626 -0.0691376537178 0.0624849868529 0.0185125279765 0.997874196843 2.97194377807
35 0.997444844042 0.00109069230408 -0.0714324400059 -0.0784650831893 -0.00259923407061 0.999775489596 -0.0210288940669 -0.0834823130791 0.0713934669652 0.0211608323075 0.997223742222 3.39589898606
36 0.99676652865 0.00112056604574 -0.0803444565291 -0.105344537155 -0.00302957930596 0.999715888981 -0.0236423976651 -0.0989398127318 0.0802951372533 0.0238093612651 0.996486731096 3.81959163152
37 0.996008609045 0.00112676074866 -0.0892501042999 -0.136012026576 -0.00348324313615 0.999649293892 -0.0262517854354 -0.115508536463 0.0891892245989 0.0264578848223 0.995663227475 4.24298492345
38 0.995171151054 0.00110927587484 -0.0981486098549 -0.170464968805 -0.00396018616006 0.999575710111 -0.0288568307501 -0.133186771548 0.0980749565425 0.0291061729523 0.994753302882 4.66604209682
39 0.99425422741 0.00106811294285 -0.107039200351 -0.208700452428 -0.00446036695475 0.99949514403 -0.0314573073587 -0.151972708901 0.10695156135 0.0317539956489 0.993757036345 5.0887264158
40 0.993257917749 0.00100327552772 -0.115921103631 -0.25071523751 -0.00498374207907 0.999407602646 -0.0340529894074 -0.171864443232 0.115818268081 0.0344011229463 0.99267451439 5.51100117694
41 0.992182308601 0.000914769260656 -0.124793548296 -0.296505755884 -0.00553026607742 0.999313093562 -0.0366436514588 -0.192859973211 0.124674306652 0.0370473249391 0.991505831035 5.93282971237
42 0.991027493384 0.000802601828495 -0.133655763764 -0.346068111454 -0.00609989148368 0.999211624986 -0.0392290685117 -0.21495720164 0.133518907911 0.0396923718023 0.990251087781 6.35417539298
43 0.989793572395 0.000666782973084 -0.142506980344 -0.399398080539 -0.00669256882537 0.999103205731 -0.0418090160201 -0.238153935641 0.142351303693 0.042336033811 0.988910393604 6.77500163156
44 0.9884806528 0.000507324490415 -0.1513464293 -0.456491112235 -0.00730824662793 0.998987845213 -0.0443832699133 -0.26244788684 0.151170726899 0.0449780813609 0.987483864945 7.19527188606
45 0.987088848628 0.0003242402296 -0.160173342918 -0.517342328814 -0.00794687141919 0.998865553451 -0.0469516066151 -0.287836671572 0.159976411553 0.0476182849877 0.985971625698 7.6149496627
46 0.985618280759 0.000117546091676 -0.168986954573 -0.581946526146 -0.00860838773399 0.998736341066 -0.049513803063 -0.314317811082 0.168767592874 0.0502564153874 0.984373807203 8.03399851914
47 0.984069076913 -0.000112739971785 -0.177786498793 -0.650298174152 -0.00929273811904 0.998600219282 -0.0520696367279 -0.341888731743 0.177543507339 0.0528922434358 0.982690548233 8.45238206769
48 0.982441371639 -0.000366597960229 -0.186571211332 -0.722391417281 -0.00999986313789 0.998457199919 -0.0546188856333 -0.370546765281 0.186303392752 0.0555255402091 0.980921994979 8.87006397842
49 0.980735306305 -0.000644005825858 -0.195340329228 -0.798220075025 -0.0107297013761 0.998307295399 -0.0571613283748 -0.400289149004 0.195046488309 0.0581560770029 0.979068301042 9.28700798236
50 0.978951029085 -0.000944939475547 -0.204093090875 -0.877777642448 -0.0114821894465 0.998150518742 -0.0596967441388 -0.431113026045 0.203772034665 0.0607836253527 0.977129627418 9.7031778746
51 0.977088694944 -0.00126937277294 -0.212828736089 -0.961057290757 -0.0122572619949 0.997986883564 -0.0622249127221 -0.463015445607 0.212479273997 0.0634079570536 0.975106142481 10.1185375175
52 0.975148465628 -0.0016172775407 -0.221546506171 -1.04805186789 -0.0130548517055 0.997816404076 -0.064745614551 -0.495993363219 0.221167450074 0.0660288441799 0.972998021973 10.5330508437
53 0.973130509648 -0.00198862356298 -0.230245643974 -1.13875389915 -0.013874889307 0.997639095086 -0.0672586307003 -0.530043641005 0.229835808321 0.0686460591053 0.970805448987 10.9466818596
54 0.971035002265 -0.00238337858806 -0.23892539397 -1.23315558783 -0.0147173035782 0.997454971991 -0.0697637429123 -0.565163047952 0.238483595882 0.0712593745222 0.968528613949 11.3593946478
55 0.968862125475 -0.00280150833109 -0.247585002315 -1.33124881591 -0.0155820213548 0.997264050785 -0.0722607336155 -0.601348260193 0.247110061689 0.0738685634619 0.966167714605 11.771153371
56 0.966612067995 -0.00324297647713 -0.256223716915 -1.43302514475 -0.0164689675352 0.997066348048 -0.0747493859443 -0.638595861293 0.255714456526 0.0764733993139 0.963722956 12.1819222747
57 0.964285025245 -0.00370774468426 -0.264840787489 -1.53847581586 -0.0173780650874 0.996861880951 -0.0772294837567 -0.67690234255 0.264296033093 0.0790736558458 0.961194550465 12.5916656902
58 0.96188119933 -0.00419577258695 -0.273435465636 -1.64759175159 -0.0183092350553 0.996650667252 -0.0797008116542 -0.716264103295 0.272854046072 0.081669107223 0.958582717593 13.0003480382
59 0.959400799025 -0.00470701779953 -0.282007004901 -1.76036355598 -0.0192623965662 0.996432725295 -0.0821631549995 -0.756677451209 0.281387752193 0.0842595280282 0.955887684225 13.4079338311
60 0.957746647056 -0.0102499570049 -0.28743051062 -1.89028519113 -0.013987834381 0.996522184478 -0.0821454583796 -0.810866978754 0.287272868062 0.0826950684191 0.954272406043 13.7993587392
61 0.956029935403 -0.0157836039048 -0.292844054851 -2.0223235728 -0.00871282875444 0.996581262593 -0.0821576147592 -0.865121983547 0.293139641495 0.0810966399374 0.952624000104 14.1900656053
62 0.954250775992 -0.0213075977184 -0.298247284644 -2.15647391198 -0.00343772360474 0.996609955789 -0.0821996233455 -0.919454248121 0.298987689993 0.0794643467971 0.950942573882 14.5800416128
63 0.952409284822 -0.026821578294 -0.30363984772 -2.29273128194 0.00183713714347 0.996608262195 -0.0822714813999 -0.973875549973 0.304816632275 0.0777982954197 0.949228237 14.9692739932
64 0.950505581951 -0.0323251861329 -0.309021392498 -2.4310906186 0.00711140958145 0.996576181921 -0.0823731842373 -1.02839766079 0.310626088309 0.0760985944282 0.94748110123 15.3577500263
65 0.948539791498 -0.0378180624125 -0.314391568112 -2.57154672084 0.0123847498389 0.996513717059 -0.0825047252268 -1.0830323457 0.316415679331 0.0743653546389 0.945701280481 15.7454570413
66 0.946512041628 -0.04329984901 -0.319750024439 -2.71409425081 0.0176568141061 0.996420871681 -0.0826660957924 -1.13779136248 0.322185027873 0.0725986890552 0.943888890793 16.1323824175
67 0.944422464545 -0.0487701885255 -0.325096412122 -2.85872773433 0.0229272586567 0.996297651841 -0.0828572854131 -1.1926864608 0.327933757788 0.0707987128595 0.942044050329 16.518513585
68 0.942271196484 -0.0542287243056 -0.330430382587 -3.0054415612 0.0281957398699 0.996144065573 -0.0830782816237 -1.24772938146 0.33366149427 0.0689655434061 0.94016687937 16.903838026
69 0.940058377704 -0.0596751004664 -0.335751588072 -3.1542299856 0.033461914253 0.995960122889 -0.0833290700158 -1.30293185562 0.339367863886 0.0670993002135 0.938257500302 17.288343275
70 0.937784152475 -0.0651089619167 -0.341059681647 -3.30508712644 0.0387254384634 0.995745835783 -0.0836096342385 -1.35830560405 0.345052494592 0.0652001049564 0.936316037612 17.6720169202
71 0.935448669071 -0.0705299543814 -0.346354317236 -3.45800696778 0.0439859693317 0.995501218225 -0.0839199559998 -1.41386233633 0.350715015765 0.0632680814579 0.934342617879 18.0548466036
72 0.933052079761 -0.0759377244242 -0.351635149642 -3.61298335917 0.0492431638833 0.995226286164 -0.0842600150674 -1.46961375014 0.35635505822 0.0613033556816 0.932337369767 18.4368200227
73 0.927942462947 -0.0791123262625 -0.364230730848 -3.82124054627 0.0499690313385 0.994798049129 -0.0887690112402 -1.5293908248 0.369358743811 0.0641722788012 0.927068517966 19.1013154908
74 0.922652723404 -0.0823250854757 -0.376741996992 -4.03847963256 0.0506315189608 0.99435113599 -0.0932859455771 -1.59228432408 0.382293606478 0.0669955128584 0.921609027572 19.7626400471
75 0.917183974525 -0.0855753258363 -0.389166314681 -4.26464879232 0.0512304873085 0.993885640816 -0.0978098673457 -1.65830223821 0.395156923668 0.0697724636137 0.915960047709 20.4206580772
76 0.911537367384 -0.0888623632279 -0.401501068822 -4.49969432022 0.0517658103097 0.993401661583 -0.102339824343 -1.72745189979 0.407945987886 0.0725025465695 0.910122767383 21.0752346623
77 0.905714090487 -0.0921855057889 -0.413743663172 -4.7435606426 0.0522373752887 0.992899300162 -0.106874863094 -1.79973998226 0.420658107267 0.075185187093 0.904098415236 21.7262356082
78 0.89971536953 -0.0955440540582 -0.42589152089 -4.99619032919 0.0526450829896 0.992378662289 -0.111414029058 -1.87517249845 0.43329060614 0.0778198205371 0.897888259285 22.3735274733
79 0.893542467133 -0.0989373011225 -0.437942085072 -5.2575241052 0.0529888475974 0.99183985755 -0.115956366821 -1.95375479937 0.445840825596 0.0804058923595 0.891493606654 23.0169775966
80 0.88719668258 -0.102364532765 -0.449892819292 -5.52750086377 0.0532685967559 0.991282999353 -0.120500920304 -2.03549157305 0.45830612404 0.082942858239 0.884915803302 23.6564541258
81 0.880679351544 -0.105825027616 -0.46174120814 -5.80605767888 0.0534842715829 0.990708204906 -0.125046732962 -2.12038684354 0.470683877755 0.0854301841905 0.878156233737 24.2918260448
82 0.876454483305 -0.112056908447 -0.468263588125 -6.11292657401 0.0625185575949 0.990793351533 -0.120083156664 -2.24969953118 0.477408597514 0.0759722575914 0.87539091102 24.930876859
83 0.872123904408 -0.118210940579 -0.474790552651 -6.42432941664 0.0715864263093 0.990761737951 -0.115180563378 -2.37523324645 0.484019916189 0.0664631644011 0.872529293783 25.5684862921
84 0.867688367965 -0.12428605379 -0.481320966644 -6.74027519543 0.0806863007728 0.990613369659 -0.110339805693 -2.49702625383 0.490516684034 0.0569045583042 0.869571879679 26.2045845246
85 0.865307600399 -0.123531438516 -0.485780547561 -7.17175971723 0.0778925845478 0.99052151991 -0.11313648336 -2.59681906559 0.495151999202 0.0600591572247 0.86672798231 26.9401702511
86 0.859967603485 -0.127172600662 -0.494249785631 -7.50863342677 0.0791875907771 0.989976576551 -0.116943162894 -2.69140452952 0.504167677245 0.0614288824341 0.861418275651 27.7094324246
87 0.856423569376 -0.125557274313 -0.500773442471 -7.87206081111 0.0755478162283 0.990013422285 -0.119020801368 -2.76612856936 0.510716357322 0.064099880196 0.857356406474 28.3640360332
88 0.852824209542 -0.123961435298 -0.507271554671 -8.24041652667 0.0718918214699 0.990037187034 -0.121069956209 -2.84245719122 0.517225708934 0.0667827143208 0.853239494565 29.0156931811
89 0.849169779198 -0.122385196772 -0.513743661477 -8.6136822407 0.0682198657332 0.990047869111 -0.12309048212 -2.92036931899 0.523695270528 0.0694771945798 0.849067831837 29.6643621546
90 0.845460537465 -0.120828670499 -0.52018930398 -8.99183927233 0.0645322093812 0.990045467759 -0.125082235836 -2.9998437643 0.530124583375 0.0721831299188 0.844841714084 30.3100014519
91 0.84169674735 -0.119291966845 -0.526608025145 -9.37486859383 0.0608291138904 0.99002998315 -0.127045076128 -3.08085922797 0.5365131916 0.074900328471 0.840561440963 30.9525697857
92 -0.904718421171 -0.198262557477 -0.377063040747 -21.9066598525 0.244740911108 -0.966355783788 -0.079109958728 -5.94544198896 -0.348692507673 -0.163854989853 0.922802837768 51.0438453875
93 0.723062583512 0.4373913015 -0.534667513224 -30.9841268574 -0.553760674999 0.829717999534 -0.0701224363083 -7.97660980755 0.412952315659 0.346780753723 0.842148142454 73.0071086235
94 -0.614751735499 -0.688039910125 -0.385592253263 -43.6237471202 0.775284203545 -0.61699757724 -0.135086614489 -9.54481267851 -0.144964503631 -0.381988314338 0.912726804907 93.1737077729
95 0.292283896495 0.80871109316 -0.510447344641 -52.968320508 -0.944414995875 0.328085360841 -0.0209836023704 -12.8236308887 0.150500628672 0.488207296456 0.859652951171 114.872539106
96 -0.0885027722124 -0.901818777537 -0.422954077639 -64.9940133543 0.984931128595 -0.0158899829738 -0.172215505591 -13.3242346398 0.148586444304 -0.431822187014 0.889635693625 135.464845664
97 -0.274044868708 0.842447684875 -0.463876393216 -75.234716099 -0.950988082341 -0.309227449566 0.000227334605457 -17.3782302692 -0.143251797247 0.441203221577 0.885899903971 156.621502029
98 0.458296710361 -0.751962139638 -0.473832318255 -86.1763999813 0.787738524515 0.590547514504 -0.175275925637 -17.4776698066 0.411621358624 -0.29292759096 0.862995529292 177.815384343
99 -0.743761543935 0.524771017571 -0.414046066134 -97.5748936457 -0.570785347613 -0.820958894305 -0.0151848876023 -21.5165917984 -0.347883390223 0.225037491932 0.910129262265 198.374383179
100 0.801490424878 -0.299902584892 -0.517369827497 -107.406868243 0.26454399893 0.95371047742 -0.143013278716 -22.0457562452 0.536311077607 -0.0222433089932 0.843727244577 220.099098194
101 -0.924309352201 -0.0140897761584 -0.381383926827 -119.750186812 0.0403319901268 -0.997328561314 -0.0609021457695 -25.2855328653 -0.379506985736 -0.0716743963905 0.922408384979 240.249962096
102 0.800388719397 0.269041511906 -0.535718734723 -128.901668682 -0.370172833326 0.924723012394 -0.0886533914496 -26.8991488877 0.471539999707 0.269265697101 0.839729726186 262.217155927
103 -0.741674093276 -0.553232814058 -0.379279570783 -141.589522359 0.631841028199 -0.766035047581 -0.118182997768 -28.8833119667 -0.225158731425 -0.327297662423 0.917703539187 282.316719301
104 0.455443229697 0.721635847308 -0.521357045031 -150.768690874 -0.856214636363 0.515468310152 -0.0344806860042 -31.7915435591 0.243860535473 0.462097528336 0.852641726369 304.138635722
105 -0.270725701904 -0.871640510022 -0.408595662749 -163.059550318 0.961257137174 -0.221895369173 -0.163545594165 -32.5783541448 0.0518874802744 -0.437041493265 0.897943440622 324.564763233
106 -0.0919382653731 0.872342817256 -0.480172223834 -172.963234921 -0.994332271264 -0.106282778098 -0.00270285078312 -36.4606474991 -0.0533918511212 0.477202242732 0.877170068895 345.913201383
107 0.295474112267 -0.838784051819 -0.457314293887 -184.278315555 0.893538689669 0.412024553046 -0.178393883727 -36.5992121837 0.33805866289 -0.355917240491 0.871228591339 366.909885217
108 -0.617360886875 0.659381246134 -0.42904767521 -195.306335832 -0.727905464525 -0.685648124564 -0.00634696754102 -40.7357042841 -0.298360805952 0.308387777553 0.90325954638 387.650743051
109 0.724816043571 -0.468132694489 -0.505463632057 -205.466866178 0.456446347977 0.875854070391 -0.156640923126 -41.0408731341 0.516041117555 -0.117181174261 0.848510540531 409.228080167
110 0.719391194834 -0.469088220455 -0.51228170983 -205.812632835 0.45567570419 0.875346694658 -0.161641012003 -41.1388213247 0.524247996676 -0.117151207648 0.843468809457 409.920017247
111 0.712237268897 -0.470464424835 -0.520942701032 -206.162122788 0.455618528142 0.874415540239 -0.166760966062 -41.242946857 0.533975495907 -0.118577771201 0.837143644752 410.707985821
112 0.702944163087 -0.472621193733 -0.531506077874 -206.633927683 0.455988848433 0.872972020738 -0.173187820336 -41.356524552 0.545842169788 -0.120619476501 0.829160580087 411.850662194
113 0.693489595832 -0.474743788313 -0.541932206028 -207.120672579 0.456259817515 0.871529509741 -0.17961985573 -41.4778505259 0.557583321159 -0.122697387815 0.821003161375 412.986253873
114 0.686911924206 -0.479509643196 -0.546097528347 -207.584707475 0.458536232502 0.868945849631 -0.186219316647 -41.6308612881 0.563823139393 -0.122489233649 0.816761810521 413.78806173
115 0.680360603176 -0.484825234491 -0.549594342808 -208.163383251 0.462971198221 0.865657162773 -0.190513375274 -41.8297831926 0.568125971874 -0.124828556059 0.813419148824 414.666971333
116 0.673753254306 -0.490103876962 -0.55304135659 -208.745832517 0.467357805171 0.862332928012 -0.19482967744 -42.0332633906 0.572392553163 -0.127201064927 0.810053488459 415.54233773
117 0.667090430918 -0.495345128558 -0.556438281027 -209.332002435 0.471695686006 0.858973423731 -0.199167861682 -42.2413259258 0.576622525962 -0.129606561571 0.806665111277 416.414136145
118 0.660372690977 -0.500548550358 -0.559784831651 -209.921839858 0.475984477455 0.855578931266 -0.203527564708 -42.4539944587 0.58081553604 -0.132044844547 0.80325430103 417.282342099
119 0.651584213221 -0.498957058987 -0.571384167061 -210.407144814 0.472190284867 0.856292393449 -0.20928371126 -42.598761641 0.593695501615 -0.133436089832 0.793549280948 418.202159174
120 0.642609967674 -0.497345710392 -0.582837604999 -210.905789689 0.468303874185 0.857016040259 -0.214976715397 -42.7500664049 0.60641892414 -0.134798927869 0.78363597256 419.11375231
121 0.633452307246 -0.495714927044 -0.594142142547 -211.41764971 0.464326264367 0.857749681965 -0.220605084502 -42.9078564663 0.618982467728 -0.136133001341 0.773516974986 420.016882148
122 0.624113632936 -0.494065136508 -0.605294815829 -211.94259664 0.460258498281 0.858493126219 -0.226167342903 -43.0720778408 0.631382838411 -0.137437960477 0.76319494127 420.911311548
123 0.614596393202 -0.492396771336 -0.616292700785 -212.480498808 0.456101642433 0.8592461781 -0.23166203226 -43.2426748579 0.643616785001 -0.138713463135 0.752672577692 421.796805649
124 0.604903083317 -0.490710268947 -0.627132913938 -213.03122115 0.451856786687 0.86000864017 -0.237087711949 -43.4195901754 0.655681099944 -0.139959174898 0.741952643056 422.673131937
125 0.59503624472 -0.489006071515 -0.637812613148 -213.594625238 0.44752504398 0.860780312523 -0.242442959441 -43.6027647946 0.667572620162 -0.141174769159 0.731037947964 423.540060297
126 0.587354134319 -0.489222584602 -0.644729698101 -214.320695635 0.444002045759 0.860819036054 -0.248702172346 -43.8678835269 0.676666317303 -0.14018505533 0.722821447724 424.342737435
127 0.57958695341 -0.489449211523 -0.651550790634 -215.0543617 0.4404016724 0.860850490468 -0.25491724149 -44.1399232211 0.685656861044 -0.139197350036 0.714491964018 425.136138507
128 0.571967751684 -0.490369969029 -0.657563825425 -215.73136752 0.4369311537 0.860580135859 -0.261711667089 -44.4000733864 0.694221908812 -0.137619486614 0.706482001349 425.839267876
129 0.560790259622 -0.494636324935 -0.663964751149 -216.232738393 0.43872543535 0.857617398321 -0.268351244593 -44.6342269555 0.702163996378 -0.140809459937 0.69795302004 426.404021266
130 0.549508571544 -0.498844598387 -0.670219662842 -216.739056705 0.440419032988 0.854635229587 -0.275008544832 -44.8735212417 0.709979863027 -0.144057942727 0.68933003941 426.962167349
131 0.543325417949 -0.496815299653 -0.67673632106 -217.593963343 0.436962981767 0.855653892023 -0.277344135745 -45.2325800228 0.716840877391 -0.14502060181 0.681988402798 427.829899519
132 0.516757391477 -0.515292329503 -0.683692630872 -218.024435451 0.46790189061 0.838751412673 -0.27850294164 -45.5779440754 0.716958590059 -0.175982620519 0.674537246871 428.331686113
133 0.489412805244 -0.532674798295 -0.69045830093 -218.456460966 0.498133814539 0.82064109341 -0.280019461144 -45.9223197029 0.715777765535 -0.206895516818 0.666975588374 428.832816566
134 0.461337517267 -0.548933554901 -0.697021984922 -218.890050381 0.527608053351 0.801353305998 -0.281891150989 -46.2657635374 0.713300384112 -0.237707448487 0.659316108525 429.333235292
135 0.453881132194 -0.552467143749 -0.699122287526 -219.730851966 0.529168932343 0.798377343173 -0.287356675493 -46.6246790693 0.716918516747 -0.239528020871 0.654716860607 430.124615203
136 0.446394166362 -0.555971557147 -0.701161804352 -220.574047468 0.530677373224 0.795382908651 -0.292826833084 -46.990180129 0.720495506275 -0.241374514118 0.650095815532 430.910414251
137 0.438877185853 -0.55944653013 -0.703140381193 -221.419563423 0.53213326194 0.792370228839 -0.298301210168 -47.362271386 0.724031082242 -0.243246788617 0.645453322693 431.690606979
138 0.431330759019 -0.562891799958 -0.70505786845 -222.267326188 0.533536488413 0.789339531522 -0.303779392832 -47.7409570119 0.727524977327 -0.245144702805 0.640789733104 432.46516835
139 0.423755456441 -0.566307106138 -0.706914121145 -223.117261952 0.534886946546 0.786291045849 -0.309260966876 -48.1262406795 0.730976927359 -0.247068113184 0.636105399377 433.234073753
140 0.416151850879 -0.569692190441 -0.708708998927 -223.969296737 0.536184534232 0.783225002314 -0.314745517842 -48.5181255628 0.734386671339 -0.249016874326 0.631400675689 433.997299008
141 0.408520517237 -0.573046796923 -0.710442366088 -224.823356409 0.537429153362 0.780141632737 -0.320232631048 -48.9166143367 0.73775395146 -0.250990838887 0.62667591776 434.75482036
142 0.408689657848 -0.57005189176 -0.712750730809 -225.382382693 0.535546938949 0.782152052988 -0.318477066976 -49.2852168672 0.739027902404 -0.25155318822 0.624947000125 435.130180628
143 0.408850195549 -0.56704947589 -0.715049934965 -225.943350487 0.533663188408 0.784153419977 -0.316712827773 -49.6523439914 0.740300695473 -0.252107726231 0.623214709917 435.504087501
144 0.40198403182 -0.568635303324 -0.717678709434 -226.750600161 0.536756802125 0.781341352366 -0.318430253674 -50.0203749015 0.741822737799 -0.257215051441 0.619305613568 436.304449138
145 0.395095833635 -0.570177340165 -0.720275699303 -227.561386709 0.539825254885 0.778512980357 -0.320165946977 -50.3901578901 0.743295349921 -0.26232678088 0.615383362481 437.100416005
146 0.388186016629 -0.571675493367 -0.722840747868 -228.375675108 0.542868361537 0.775668474614 -0.321919802951 -50.7617158729 0.744718442983 -0.267442606108 0.611448193324 437.891969292
147 0.381254997737 -0.573129672531 -0.725373700354 -229.193430126 0.545885938463 0.772808006772 -0.323691715769 -51.1350716585 0.746091931114 -0.272562218436 0.607500343545 438.679090456
148 0.374303195176 -0.574539789912 -0.727874403925 -230.01461632 0.548877803581 0.769931749433 -0.325481578512 -51.5102479469 0.747415731439 -0.277685308948 0.603540051357 439.46176122
149 0.367331028417 -0.575905760424 -0.730342707688 -230.839198041 0.551843776362 0.76703987615 -0.327289283183 -51.8872673283 0.74868976408 -0.282811568518 0.599567555722 440.239963576
150 0.360338918159 -0.577227501645 -0.732778462706 -231.667139436 0.554783677842 0.764132561417 -0.329114720703 -52.2661522817 0.749913952162 -0.287940687827 0.59558309634 441.013679789
151 0.353327286304 -0.57850493382 -0.735181522005 -232.498404447 0.557697330625 0.761209980661 -0.330957780926 -52.6469251735 0.751088221818 -0.293072357386 0.591586913633 441.782892389
152 0.346296555934 -0.579737979871 -0.737551740587 -233.332956817 0.560584558904 0.758272310231 -0.332818352643 -53.0296082563 0.752212502192 -0.298206267551 0.587579248731 442.547584181
153 0.339247151282 -0.580926565395 -0.739888975432 -234.17076009 0.563445188463 0.755319727384 -0.334696323586 -53.4142236673 0.753286725446 -0.303342108543 0.583560343454 443.307738244
154 0.332179497707 -0.582070618673 -0.742193085511 -235.011777615 0.566279046693 0.75235241028 -0.33659158044 -53.8007934271 0.754310826761 -0.308479570465 0.579530440302 444.063337927
155 0.338385728707 -0.582520400819 -0.739029824322 -235.70523483 0.565963167936 0.753422937064 -0.334723125053 -54.1180554116 0.751785070306 -0.304998131648 0.584632660527 444.586273516
156 0.344574336757 -0.582944748421 -0.73582874824 -236.395865707 0.56563286591 0.754496203089 -0.332858739598 -54.4335811613 0.749218251406 -0.301514343917 0.589712736993 445.113978168
157 0.350745018628 -0.583343640689 -0.732590014111 -237.083634918 0.565288156798 0.755572155767 -0.330998515425 -54.7473742046 0.746610495828 -0.298028377967 0.594770420789 445.646432056
158 0.356897471973 -0.583717058077 -0.729313780625 -237.768507277 0.564929057489 0.75665074238 -0.32914254368 -55.0594381548 0.743961931347 -0.294540404604 0.599805464098 446.183615124
159 0.361432156321 -0.584170153474 -0.72671316774 -238.179036308 0.568414206837 0.755870922447 -0.324906814431 -55.2396741651 0.739102216634 -0.295642317956 0.605246671367 446.631309173
160 0.372462248843 -0.58268881581 -0.722319608703 -239.108138644 0.567282252959 0.758932537194 -0.319706505199 -55.6297965617 0.73448125875 -0.290680490743 0.613222743256 447.410132249
161 0.380227573302 -0.583929650641 -0.717253898981 -239.82558903 0.570773022984 0.758358611373 -0.314817999468 -55.974758588 0.727767235814 -0.289686691858 0.621640145933 448.054400906
162 0.391241205294 -0.58494435374 -0.710471971514 -240.536130563 0.572743244596 0.759045920586 -0.309539119033 -56.3135659999 0.72034401215 -0.285813563801 0.63199296745 448.652460171
163 0.402167595513 -0.585908135365 -0.703543091809 -241.240267214 0.574642038363 0.759754200083 -0.304236886656 -56.6472237243 0.712774686458 -0.281931218839 0.642235964572 449.260899745
164 0.413004679793 -0.586820813442 -0.696468568839 -241.937852092 0.576469045576 0.760483316058 -0.298912304012 -56.9757069864 0.705060688701 -0.278040390406 0.652367202235 449.879615108
165 0.423750410838 -0.587682215551 -0.689249739093 -242.628739543 0.578223921083 0.761233130772 -0.293566376997 -57.2989919893 0.697203476174 -0.274141813541 0.662384766491 450.508499797
166 0.434402758613 -0.588492178961 -0.681887966319 -243.312785179 0.579906333361 0.762003502571 -0.288200115541 -57.6170559178 0.689204533229 -0.270236224745 0.672286764865 451.147445429
167 0.444959710722 -0.589250550657 -0.674384641273 -243.989845904 0.581515964575 0.762794285921 -0.282814533414 -57.9298769432 0.68106537099 -0.266324361846 0.682071326714 451.796341719
168 0.455641129283 -0.588438565462 -0.667930547275 -244.673483439 0.584089205589 0.763862607996 -0.274506313261 -58.2459338923 0.671737271558 -0.265054655834 0.69174783514 452.506457563
169 0.466227686789 -0.587606744651 -0.661324472337 -245.350511142 0.586541452201 0.764935817242 -0.26616220684 -58.5534341784 0.662269484197 -0.263802026031 0.70128996953 453.226592167
170 0.47671718411 -0.586755261016 -0.654567788731 -246.020771879 0.58887219501 0.766013690723 -0.257783947462 -58.8523402754 0.652663975635 -0.262566732645 0.710695747712 453.956607561
171 0.487107442276 -0.585884291436 -0.647661900013 -246.684109921 0.591080949853 0.767096004534 -0.24937327553 -59.1426164421 0.642922741213 -0.261349032281 0.719963215836 454.69636372
172 0.497396302935 -0.584994016834 -0.640608240732 -247.340370976 0.59316725791 0.768182533847 -0.240931938181 -59.4242287301 0.633047804462 -0.260149177891 0.729090448785 455.445718597
173 0.507581628797 -0.584084622148 -0.633408276137 -247.989402223 0.595130685794 0.76927305296 -0.232461688923 -59.6971449909 0.623041216689 -0.258967418719 0.73807555057 456.204528151
174 0.51873910634 -0.580512117452 -0.627626816703 -248.739272857 0.594631970442 0.772453568959 -0.222998438404 -60.0211267372 0.614265870803 -0.257528959714 0.745892937944 457.08927335
175 0.527675375853 -0.580470552308 -0.620171456632 -249.054789942 0.595895560186 0.773260884385 -0.216739673414 -60.1228486647 0.605365327564 -0.255189228577 0.753930552373 457.477440074
176 0.538316258194 -0.579632413189 -0.611753113392 -249.68816758 0.595502327637 0.775271636906 -0.210548965296 -60.3617063984 0.596315843059 -0.250958471445 0.762513777533 458.133782641
177 0.548840333027 -0.578730767243 -0.603195646444 -250.314467009 0.595018182557 0.777294545093 -0.204368668332 -60.5946862702 0.58713512244 -0.246746608929 0.770965925952 458.79897075
178 0.562397251342 -0.577562466709 -0.591718622938 -250.969052214 0.597547836659 0.778517728739 -0.191955018019 -60.8964071209 0.571529452704 -0.245625208175 0.782957432943 459.130615675
179 0.575710987735 -0.576367717184 -0.579963027432 -251.620055141 0.599817176466 0.779744919718 -0.179491545737 -61.1900810368 0.555676357358 -0.244536530124 0.794622974314 459.476240382
180 0.588775767628 -0.575147036869 -0.567933958691 -252.267192069 0.601825217694 0.780975585758 -0.166983657277 -61.4755827181 0.539582712378 -0.24348104697 0.805957490361 459.835695809
181 0.59541923236 -0.574088963175 -0.562047862817 -252.431655628 0.601442422409 0.782331596164 -0.161939143419 -61.5103476058 0.532675277212 -0.241617747297 0.811096734822 460.107510658
182 0.602655276331 -0.573788031129 -0.554593466644 -252.817244427 0.602846144883 0.782713373726 -0.154713607 -61.6513145208 0.522860539907 -0.241095561403 0.817612246777 460.514156623
183 0.6038378038 -0.572052172079 -0.555100188363 -253.373877628 0.601761488912 0.783847122937 -0.153188766972 -61.6018840584 0.52274565311 -0.241536746866 0.817555491736 461.824668143
184 0.608497623709 -0.569640581113 -0.552485520435 -253.533849023 0.600633613064 0.78561578938 -0.148482639843 -61.5450745071 0.518623086138 -0.241490040432 0.820190621073 462.276281564
185 0.61759809443 -0.568007939702 -0.544003285093 -253.966436522 0.601283918714 0.786860555077 -0.138953646804 -61.7287762052 0.506981502146 -0.241282919207 0.827497618957 462.703770736
186 0.623695668673 -0.566405686584 -0.538691294791 -254.315104211 0.601106704113 0.788080381686 -0.132665150934 -61.821506659 0.499674337751 -0.241068268357 0.831992575799 463.368465952
187 0.633087610023 -0.563646811402 -0.530567950439 -254.501339456 0.599970877679 0.790390208194 -0.123766977535 -61.9029917498 0.489116575696 -0.239969978515 0.838557919759 463.524495749
188 0.6465267487 -0.55856202923 -0.519626426116 -255.005128434 0.598073827859 0.793951503828 -0.109310136763 -62.1655415023 0.473614674896 -0.240103038028 0.847372215058 463.950081639
189 0.653433626018 -0.55527928734 -0.514479746385 -255.043786739 0.597008093111 0.795883924003 -0.100747785449 -62.1004633 0.465409318526 -0.241316581197 0.851563546583 464.271610188
190 0.660277470702 -0.55199305872 -0.509251730294 -255.07984098 0.595847870445 0.797788228505 -0.0921914190449 -62.0331259025 0.457164059811 -0.242564641648 0.855665481973 464.592976042
191 0.672900668498 -0.549366673785 -0.495379599973 -255.419043909 0.593999111917 0.800400825132 -0.0807686459584 -62.2094418907 0.440873843601 -0.239905766204 0.864913566416 464.855108253
192 0.685229193599 -0.546673765521 -0.481257463662 -255.755198894 0.591908310069 0.803013022267 -0.0693875964474 -62.3806946381 0.42438838967 -0.237313884879 0.873828710193 465.124425117
193 0.697257760951 -0.543915488337 -0.466891375311 -256.088142098 0.589576361196 0.805623700101 -0.0580531493981 -62.5468507493 0.407714765086 -0.234790108776 0.882407091513 465.400831015
194 0.708981214086 -0.541093024667 -0.452287493448 -256.417711062 0.587004264969 0.808231739474 -0.0467701637187 -62.7078790138 0.390860117583 -0.232335519799 0.890645032953 465.684227286
195 0.720394527335 -0.538207584458 -0.437452078539 -256.743744774 0.584193124008 0.81083602236 -0.0355434762569 -62.8637504193 0.373831672497 -0.229951170193 0.898539003029 465.974512274
196 0.731492807981 -0.535260404654 -0.422391490304 -257.066083736 0.581144143408 0.813435432341 -0.0243778997263 -63.0144381642 0.356636729668 -0.227638082095 0.906085617716 466.271581369
197 0.742271298356 -0.532252748669 -0.407112184993 -257.384570036 0.57785863022 0.816028855089 -0.0132782206427 -63.1599176691 0.339282660312 -0.22539724709 0.913281641891 466.575327054
198 0.752725377883 -0.52918590584 -0.391620712617 -257.699047411 0.574337992895 0.818615178841 -0.00224919727312 -63.3001665872 0.321776903859 -0.223229625791 0.920123990727 466.885638949
199 0.762850565053 -0.526061190876 -0.375923714139 -258.009361319 0.570583740678 0.82119329488 0.0087044424047 -63.435164814 0.304126964767 -0.221136147424 0.926609731011 467.202403859
200 0.77264251935 -0.522879943295 -0.360027918628 -258.315359001 0.56659748296 0.823762098007 0.0195780027289 -63.5648944958 0.2863404093 -0.219117709433 0.932736082402 467.525505822
201 0.782097043109 -0.519643526853 -0.343940140373 -258.616889549 0.562380928592 0.826320487012 0.0303668223663 -63.6893400378 0.26842486229 -0.217175177093 0.938500418625 467.854826162
202 0.791210083317 -0.51635332895 -0.327667275966 -258.91380397 0.557935885146 0.828867365153 0.0410662763109 -63.80848811 0.250388003864 -0.215309383137 0.943900268595 468.190243535
203 0.795975431143 -0.515083173625 -0.317981819078 -259.040941163 0.556157639115 0.829676307819 0.0482276341652 -63.7782307046 0.238980739412 -0.215236029262 0.946869398543 468.585114561
204 0.800618412384 -0.513809031065 -0.308237631297 -259.16397339 0.554289522122 0.830480380521 0.0553666256547 -63.7450192365 0.227537433717 -0.215180428865 0.949696845994 468.981047097
205 0.805138302321 -0.512531100149 -0.298436233584 -259.282878075 0.552331825757 0.831279457751 0.0624821364602 -63.708864392 0.216059872955 -0.215142590625 0.952382169614 469.377981608
206 0.804804668884 -0.514331794619 -0.296230062599 -259.255493746 0.553725265329 0.830335760859 0.0626965292122 -63.5374562719 0.2137235967 -0.214488529028 0.953056606466 469.960241868
207 0.804463240838 -0.51612944477 -0.294022601821 -259.22696707 0.555116533829 0.829389752626 0.0629148003854 -63.3655937797 0.21138715267 -0.21382945139 0.953725556648 470.542313312
208 0.804114021162 -0.517924034926 -0.291813870501 -259.197299207 0.556505619125 0.828441441304 0.0631369480764 -63.1932752886 0.20905056124 -0.21316536346 0.954389014326 471.124192862
209 0.803757012901 -0.519715549439 -0.289603887896 -259.166491331 0.557892509103 0.827490835161 0.0633629703481 -63.020499176 0.206713842784 -0.212496271028 0.955046973714 471.705877436
210 0.803392219167 -0.521503972686 -0.28739267328 -259.134544623 0.559277191671 0.826537942486 0.0635928652296 -62.8472638232 0.204377017679 -0.211822179928 0.955699429076 472.287363958
211 0.803019643142 -0.523289289072 -0.285180245933 -259.101460275 0.560659654753 0.825582771589 0.0638266307162 -62.6735676156 0.202040106302 -0.211143096038 0.95634637472 472.868649351
212 0.802639288074 -0.52507148303 -0.282966625149 -259.06723949 0.562039886294 0.824625330798 0.0640642647695 -62.4994089424 0.19970312903 -0.210459025281 0.956987805008 473.44973054
213 0.802251157281 -0.526850539018 -0.280751830229 -259.031883479 0.56341787426 0.823665628463 0.0643057653173 -62.324786197 0.197366106243 -0.209769973621 0.957623714344 474.030604454
214 0.801855254147 -0.528626441524 -0.278535880487 -258.995393464 0.564793606633 0.822703672953 0.0645511302536 -62.1496977768 0.19502905832 -0.209075947066 0.958254097184 474.611268021
215 0.801451582124 -0.53039917506 -0.276318795247 -258.957770677 0.566167071417 0.821739472655 0.0648003574389 -61.9741420833 0.192692005638 -0.208376951669 0.958878948031 475.191718173
216 0.801040144731 -0.53216872417 -0.27410059384 -258.919016358 0.567538256636 0.820773035977 0.0650534447 -61.7981175221 0.190354968578 -0.207672993526 0.959498261435 475.771951842
217 0.800620945558 -0.533935073422 -0.271881295611 -258.879131761 0.568907150334 0.819804371347 0.0653103898299 -61.6216225027 0.188017967519 -0.206964078773 0.960112031998 476.351965964
218 0.804955910521 -0.532825785885 -0.261041498643 -259.174074916 0.566536550099 0.820944820584 0.0713157693502 -61.5999599343 0.176301786096 -0.205295599722 0.962689668042 477.197759834
219 0.809152102285 -0.531693576148 -0.25014958815 -259.459611614 0.564088489553 0.822089135969 0.0772892520014 -61.5727767846 0.164551060669 -0.203645263678 0.965117378879 478.046616638
220 0.813208834341 -0.530538629443 -0.23920734608 -259.735686286 0.561563369206 0.823237130289 0.083229860505 -61.5400965392 0.152767713687 -0.202013340641 0.96739476733 478.898404628
221 0.817125442997 -0.529361134723 -0.228216562614 -260.002244913 0.558961602173 0.824388615729 0.0891366229611 -61.5019435831 0.14095367294 -0.200400097599 0.969521460808 479.752991577
222 0.820901287485 -0.52816128463 -0.217179035874 -260.259235033 0.556283614112 0.825543403901 0.095008573007 -61.4583431966 0.129110871237 -0.198805798481 0.97149711138 480.610244799
